0.189453 0.015274 122.585938 646.157292
0.166667 0.000000 120.750000 370.133333
0.166667 0.000000 107.589844 102.501700
0.166667 0.000000 112.414062 228.157292
0.166667 0.000000 112.250000 69.968627
0.166667 0.000000 103.437500 57.729412
0.166667 0.000000 113.730469 151.483931
0.166667 0.000000 102.074219 114.970941
0.166667 0.000000 113.394531 59.753539
0.166667 0.000000 107.679688 98.485233
0.166667 0.000000 117.195312 89.663664
0.166667 0.000000 111.757812 91.831311
0.167969 0.000216 107.691406 55.202436
0.166667 0.000000 104.785156 90.765426
0.166667 0.000000 92.031250 53.159804
0.166667 0.000000 85.578125 23.687990
0.166667 0.000000 108.675781 320.329764
0.166667 0.000000 91.035156 27.892877
0.166667 0.000000 84.933594 27.874004
0.166667 0.000000 102.214844 375.769347
0.166667 0.000000 92.371094 39.481357
0.166667 0.000000 85.953125 63.166422
0.166667 0.000000 103.265625 435.082108
0.166667 0.000000 98.042969 136.582460
0.166667 0.000000 95.957031 57.507950
0.166667 0.000000 96.332031 412.567754
0.192057 0.016891 114.875000 1055.898039
0.166667 0.000000 95.109375 78.968382
0.166667 0.000000 93.140625 349.925245
0.158854 0.001246 110.289062 274.104350
0.166667 0.000000 88.953125 80.711520
0.166667 0.000000 98.277344 579.895328
0.166667 0.000000 73.171875 122.448775
0.166667 0.000000 72.542969 180.515794
0.166667 0.000000 58.308594 288.135769
0.166667 0.000000 68.992188 72.760723
0.166667 0.000000 67.960938 460.202390
0.166667 0.000000 55.371094 86.540181
0.166667 0.000000 57.660156 84.546798
0.166667 0.000000 53.820312 59.857782
0.166667 0.000000 55.882812 82.245037
0.166667 0.000000 50.796875 112.123284
0.166667 0.000000 54.781250 32.799020
0.166667 0.000000 57.921875 56.064461
0.166667 0.000000 53.847656 47.470818
0.166667 0.000000 78.636719 183.102803
0.166667 0.000000 64.746094 203.186259
0.166667 0.000000 72.964844 168.300720
0.166667 0.000000 59.656250 165.748039
0.166667 0.000000 51.234375 166.760539
0.166667 0.000000 53.781250 163.222549
0.166667 0.000000 52.496094 90.533318
0.166667 0.000000 57.597656 243.731602
0.166667 0.000000 55.820312 187.034252
0.166667 0.000000 53.132812 54.429350
0.166667 0.000000 55.628906 35.748024
0.166667 0.000000 58.628906 54.061749
0.166667 0.000000 56.832031 58.493244
0.166667 0.000000 75.593750 195.473529
0.166667 0.000000 50.390625 297.007598
0.166667 0.000000 59.667969 233.720695
0.166667 0.000000 53.156250 143.128431
0.166667 0.000000 50.195312 113.695037
0.166667 0.000000 52.691406 58.504396
0.166667 0.000000 54.511719 58.007705
0.166667 0.000000 55.167969 128.814813
0.166667 0.000000 52.433594 76.975965
0.166667 0.000000 52.730469 72.425107
0.166667 0.000000 55.519531 69.003539
0.166667 0.000000 54.105469 88.871186
0.166667 0.000000 60.429688 171.061703
0.166667 0.000000 51.695312 294.996998
0.166667 0.000000 47.152344 135.023759
0.166667 0.000000 50.371094 165.402926
0.166667 0.000000 55.289062 178.755331
0.166667 0.000000 51.035156 189.445818
0.166667 0.000000 50.953125 269.966422
0.166667 0.000000 54.199219 90.920941
0.166667 0.000000 53.902344 45.523759
0.166667 0.000000 49.812500 101.839216
0.166667 0.000000 52.078125 139.382108
0.166667 0.000000 62.332031 253.014813
0.168620 0.000323 64.121094 301.573514
0.166667 0.000000 59.886719 253.183195
0.166667 0.000000 49.085938 95.521998
0.166667 0.000000 54.824219 125.784666
0.166667 0.000000 53.949219 105.593490
0.166667 0.000000 56.460938 103.700429
0.166667 0.000000 53.507812 95.764645
0.166667 0.000000 52.105469 52.980990
0.166667 0.000000 51.835938 99.737684
0.166667 0.000000 54.937500 86.992157
0.166667 0.000000 59.593750 133.834314
0.166667 0.000000 58.468750 183.269608
0.166667 0.000000 62.058594 175.239691
0.166667 0.000000 67.363281 175.667509
0.166667 0.000000 66.484375 190.258578
0.166667 0.000000 50.937500 67.815686
0.166667 0.000000 45.460938 41.292586
0.166667 0.000000 53.097656 164.268857
0.166667 0.000000 63.550781 213.777803
0.166667 0.000000 63.097656 191.547289
0.166667 0.000000 55.820312 81.646017
0.166667 0.000000 51.421875 85.695833
0.166667 0.000000 55.445312 120.796998
0.166667 0.000000 56.390625 103.697794
0.166667 0.000000 66.152344 233.439445
0.166667 0.000000 58.152344 119.855132
0.166667 0.000000 68.554688 162.232292
0.166667 0.000000 64.523438 162.571998
0.166667 0.000000 52.714844 121.396798
0.166667 0.000000 49.792969 72.596186
0.166667 0.000000 52.074219 151.049372
0.166667 0.000000 62.851562 154.966115
0.166667 0.000000 61.242188 163.980331
0.166667 0.000000 57.750000 135.145098
0.166667 0.000000 59.023438 141.089645
0.166667 0.000000 60.390625 148.011520
0.166667 0.000000 65.781250 68.618627
0.166667 0.000000 63.617188 77.421507
0.166667 0.000000 62.664062 86.271017
0.166667 0.000000 61.937500 189.188235
0.166667 0.000000 64.464844 174.696798
0.166667 0.000000 47.843750 60.602941
0.166667 0.000000 50.093750 57.340196
0.166667 0.000000 52.140625 68.231127
0.166667 0.000000 58.757812 125.807782
0.166667 0.000000 59.042969 137.296186
0.166667 0.000000 55.839844 35.389936
0.166667 0.000000 55.835938 67.863174
0.166667 0.000000 61.039062 131.025919
0.166667 0.000000 62.250000 161.247059
0.166667 0.000000 64.062500 140.364706
0.166667 0.000000 60.925781 124.029764
0.166667 0.000000 63.429688 146.842096
0.166667 0.000000 65.980469 303.250597
0.166667 0.000000 58.691406 169.163220
0.166667 0.000000 53.410156 69.191896
0.166667 0.000000 63.125000 205.050980
0.166667 0.000000 51.175781 74.396431
0.166667 0.000000 61.445312 101.706801
0.166667 0.000000 56.085938 104.776900
0.166667 0.000000 54.875000 57.278431
0.166667 0.000000 56.343750 51.144118
0.166667 0.000000 62.839844 98.809544
0.166667 0.000000 58.335938 156.286703
0.166667 0.000000 61.527344 68.109053
0.166667 0.000000 67.171875 165.170343
0.166667 0.000000 66.515625 175.513480
0.166667 0.000000 57.062500 34.968627
0.166667 0.000000 54.542969 75.456970
0.166667 0.000000 55.246094 99.660769
0.166667 0.000000 60.074219 90.414078
0.166667 0.000000 62.097656 136.088465
0.166667 0.000000 60.515625 145.325245
0.166667 0.000000 57.136719 65.765548
0.166667 0.000000 57.917969 175.369715
0.166667 0.000000 64.542969 109.402068
0.166667 0.000000 65.070312 122.159743
0.166667 0.000000 61.871094 129.093122
0.166667 0.000000 64.546875 238.138971
0.166667 0.000000 62.660156 167.989936
0.166667 0.000000 61.546875 97.252696
0.166667 0.000000 54.828125 85.766422
0.166667 0.000000 61.109375 202.442892
0.166667 0.000000 63.070312 106.434252
0.166667 0.000000 62.363281 161.910646
0.166667 0.000000 62.933594 149.058318
0.166667 0.000000 61.164062 131.494547
0.166667 0.000000 64.347656 103.686504
0.166667 0.000000 65.078125 128.582108
0.166667 0.000000 61.515625 166.980147
0.166667 0.000000 61.894531 201.216284
0.166667 0.000000 64.140625 206.097794
0.166667 0.000000 58.968750 321.889216
0.166667 0.000000 69.710938 272.590625
0.166667 0.000000 65.769531 296.060401
0.166667 0.000000 67.429688 168.473468
0.166667 0.000000 63.964844 174.088955
0.167969 0.000216 61.757812 228.960723
0.166667 0.000000 66.253906 187.319593
0.166667 0.000000 60.628906 163.857828
0.166667 0.000000 64.238281 178.158686
0.166667 0.000000 57.398438 208.805331
0.166667 0.000000 58.648438 425.499449
0.166667 0.000000 61.726562 255.579841
0.166667 0.000000 67.816406 274.432828
0.166667 0.000000 60.062500 263.588235
0.166667 0.000000 71.718750 94.344118
0.166667 0.000000 61.230469 201.589813
0.166667 0.000000 60.570312 203.320527
0.166667 0.000000 60.136719 199.671431
0.166667 0.000000 61.734375 125.191912
0.166667 0.000000 68.011719 206.427313
0.166667 0.000000 68.738281 107.692019
0.166667 0.000000 66.179688 115.332292
0.166667 0.000000 66.777344 190.965916
0.166667 0.000000 62.894531 259.090794
0.166667 0.000000 71.140625 297.148775
0.166667 0.000000 62.117188 223.068566
0.166667 0.000000 68.472656 203.348269
0.166667 0.000000 62.875000 273.733333
0.166667 0.000000 58.019531 186.983931
0.166667 0.000000 60.164062 195.227880
0.166667 0.000000 61.910156 247.462485
0.166667 0.000000 64.414062 221.278860
0.166667 0.000000 71.652344 165.851210
0.166667 0.000000 61.855469 286.320205
0.166667 0.000000 62.636719 226.247901
0.166667 0.000000 63.574219 250.888588
0.166667 0.000000 66.425781 206.755254
0.166667 0.000000 67.941406 322.620083
0.166667 0.000000 77.476562 223.960233
0.166667 0.000000 67.394531 190.780990
0.166667 0.000000 66.121094 261.157828
0.166667 0.000000 60.972656 148.865916
0.166667 0.000000 64.585938 195.569056
0.166667 0.000000 67.210938 223.288664
0.166667 0.000000 65.851562 174.636703
0.166667 0.000000 65.671875 195.907598
0.166667 0.000000 68.507812 209.686213
0.166667 0.000000 58.710938 255.116115
0.166667 0.000000 63.785156 168.130132
0.166667 0.000000 71.960938 101.143566
0.166667 0.000000 66.851562 187.201409
0.166667 0.000000 67.519531 193.489813
0.166667 0.000000 61.640625 235.548775
0.166667 0.000000 66.890625 228.544853
0.166667 0.000000 71.792969 171.082460
0.166667 0.000000 61.234375 188.807598
0.166667 0.000000 64.953125 120.978186
0.166667 0.000000 72.964844 133.422289
0.166667 0.000000 65.230469 113.205499
0.166667 0.000000 63.593750 162.453922
0.166667 0.000000 61.332031 174.097166
0.166667 0.000000 68.082031 156.436382
0.166667 0.000000 69.695312 183.616605
0.166667 0.000000 61.320312 134.344056
0.166667 0.000000 61.835938 95.596507
0.166667 0.000000 72.316406 109.111259
0.166667 0.000000 70.847656 134.796308
0.166667 0.000000 62.691406 267.524004
0.166667 0.000000 67.945312 163.212684
0.166667 0.000000 64.363281 224.749862
0.166667 0.000000 67.671875 133.044853
0.166667 0.000000 72.203125 212.672304
0.166667 0.000000 63.699219 112.391529
0.166667 0.000000 71.066406 138.893612
0.166667 0.000000 55.171875 125.484069
0.166667 0.000000 59.980469 103.564323
0.166667 0.000000 73.429688 100.889154
0.166667 0.000000 60.015625 149.309559
0.166667 0.000000 57.406250 109.269608
0.166667 0.000000 57.148438 243.036703
0.166667 0.000000 57.554688 289.996998
0.166667 0.000000 66.847656 254.106112
0.166667 0.000000 69.000000 164.509804
0.166667 0.000000 73.984375 180.909559
0.166667 0.000000 76.171875 178.770343
0.166667 0.000000 65.027344 89.987485
0.166667 0.000000 67.804688 72.612684
0.166667 0.000000 59.304688 183.255821
0.166667 0.000000 63.992188 138.180331
0.166667 0.000000 69.367188 199.527390
0.166667 0.000000 57.765625 146.846814
0.166667 0.000000 63.453125 175.346814
0.166667 0.000000 60.910156 280.897779
0.166667 0.000000 56.437500 339.250980
0.166667 0.000000 66.769531 192.256480
0.167969 0.000216 64.339844 307.817387
0.166667 0.000000 72.226562 193.226900
0.166667 0.000000 66.265625 83.027206
0.166667 0.000000 71.691406 145.963220
0.166667 0.000000 63.824219 122.317999
0.166667 0.000000 66.933594 76.195573
0.166667 0.000000 52.785156 331.102681
0.166667 0.000000 66.984375 244.486029
0.166667 0.000000 65.449219 172.028784
0.166667 0.000000 57.148438 133.421017
0.166667 0.000000 66.304688 248.361703
0.166667 0.000000 68.464844 292.085034
0.166667 0.000000 73.292969 216.231480
0.166667 0.000000 70.425781 227.006235
0.166667 0.000000 61.796875 301.346814
0.166667 0.000000 67.839844 183.593857
0.166667 0.000000 59.734375 122.266422
0.166667 0.000000 59.335938 175.894547
0.166667 0.000000 71.175781 244.490548
0.166667 0.000000 67.476562 312.532782
0.166667 0.000000 58.105469 307.992754
0.166667 0.000000 68.097656 270.990426
0.166667 0.000000 60.605469 166.255499
0.166667 0.000000 69.312500 176.694118
0.166667 0.000000 74.800781 181.132705
0.166667 0.000000 59.250000 199.568627
0.166667 0.000000 72.351562 239.687684
0.167969 0.000216 67.089844 419.007583
0.166667 0.000000 68.207031 303.396186
0.167969 0.000216 63.101562 389.832782
0.166667 0.000000 68.554688 282.467586
0.169922 0.000534 65.691406 599.516161
0.166667 0.000000 78.035156 345.061504
0.166667 0.000000 60.347656 294.902191
0.169922 0.000534 59.906250 329.073529
0.166667 0.000000 64.007812 229.945037
0.166667 0.000000 65.414062 205.176900
0.166667 0.000000 74.355469 225.422166
0.166667 0.000000 77.222656 87.209053
0.166667 0.000000 61.601562 292.899449
0.166667 0.000000 70.726562 298.991605
0.176432 0.002410 55.710938 301.351409
0.175781 0.002531 52.839844 534.386014
0.169271 0.000647 70.738281 377.048882
0.166667 0.000000 63.582031 571.138343
0.166667 0.000000 65.589844 229.897779
0.166667 0.000000 82.886719 323.692999
0.166667 0.000000 65.289062 194.253370
0.193359 0.008108 60.050781 281.067999
0.166667 0.000000 61.523438 182.524939
0.166667 0.000000 71.894531 170.863343
0.166667 0.000000 68.644531 85.045695
0.166667 0.000000 70.210938 285.390625
0.166667 0.000000 69.210938 273.688664
0.167318 0.000109 75.660156 318.201700
0.168620 0.000323 61.023438 400.885723
0.167318 0.000109 68.699219 347.175843
0.166667 0.000000 78.582031 294.181480
0.166667 0.000000 75.441406 263.643612
0.166667 0.000000 73.023438 181.222978
0.166667 0.000000 70.800781 146.803294
0.168620 0.000323 67.507812 335.372488
0.388021 0.023795 56.187500 414.749020
0.346354 0.027281 61.855469 340.869225
0.306641 0.025102 52.089844 767.525230
0.442708 0.014352 47.175781 245.776823
0.381510 0.024249 55.753906 434.774494
0.395182 0.022630 51.039062 532.641605
0.347005 0.024976 53.109375 579.258578
0.444010 0.014282 52.523438 435.724939
0.200521 0.007128 63.738281 442.860646
0.360026 0.022923 53.507812 721.137194
0.414714 0.017425 55.300781 522.642509
0.397786 0.018814 59.503906 411.403906
0.169271 0.000429 67.394531 446.624127
0.355469 0.025434 50.492188 498.360723
0.250000 0.018519 51.136719 550.902803
0.486979 0.002008 48.675781 481.090548
0.412109 0.017844 52.777344 742.989445
0.412109 0.019587 47.449219 547.824862
0.434245 0.017119 53.148438 372.393566
0.325521 0.026518 55.570312 624.261703
0.464193 0.010586 54.132812 327.848958
0.341797 0.027488 60.472656 369.442387
0.402344 0.021363 54.804688 660.620527
0.399740 0.021717 56.562500 487.313725
0.478516 0.004221 59.523438 609.732782
0.499349 0.000109 62.667969 359.265794
0.358073 0.023786 54.585938 498.471017
0.167969 0.000216 66.406250 355.724510
0.460286 0.010290 53.199219 582.897411
0.258464 0.020625 62.257812 789.462684
0.400391 0.016728 59.242188 709.258762
0.374349 0.024782 54.777344 350.299249
0.337891 0.026885 54.519531 427.623146
0.397786 0.022082 60.371094 610.485279
0.482422 0.004374 46.585938 437.012194
0.388672 0.023832 56.750000 538.917647
0.451172 0.012748 53.601562 482.883762
0.350260 0.026945 58.460938 461.637684
0.236328 0.008091 59.464844 348.986994
0.317057 0.026423 56.847656 670.608073
0.419922 0.018726 54.261719 650.554764
0.321615 0.027313 62.601562 439.236703
0.344401 0.025694 53.937500 560.231373
0.205078 0.006689 65.859375 430.921324
0.242839 0.011495 67.179688 629.598958
0.492188 0.001246 38.843750 416.304902
0.319661 0.022361 57.914062 525.655331
0.459635 0.009693 52.082031 594.044225
0.354167 0.026362 56.460938 544.006311
0.435547 0.016200 48.191406 473.967142
0.325521 0.026518 58.214844 621.808563
0.442708 0.015441 45.707031 490.066774
0.410807 0.020009 56.398438 671.605331
0.395833 0.022222 54.531250 530.453922
0.356120 0.025949 59.949219 632.762117
0.436849 0.015495 52.828125 641.060539
0.311849 0.020343 55.511719 408.313588
0.352214 0.025677 59.835938 463.808272
0.171875 0.000844 61.933594 543.034789
0.184896 0.004024 65.816406 546.354396
0.463542 0.009995 47.425781 406.888588
0.457031 0.010565 45.277344 618.593367
0.410156 0.018694 51.519531 477.960401
0.376302 0.025597 57.359375 525.760539
0.321615 0.026660 55.859375 456.089951
0.429036 0.017711 55.671875 545.860539
0.495443 0.000742 54.554688 423.000919
0.481120 0.005198 57.398438 549.150429
0.494792 0.000844 57.792969 439.278539
0.427734 0.018831 61.121094 418.734298
0.356120 0.025949 59.574219 598.104274
0.412760 0.013928 55.464844 402.602681
0.350911 0.026814 64.039062 482.171017
0.169271 0.000865 75.074219 345.919960
0.381510 0.023160 55.210938 677.955331
0.481120 0.003673 45.824219 713.761137
0.494792 0.000844 50.203125 484.672304
0.336589 0.026242 55.429688 618.810723
0.421224 0.016537 47.863281 764.204764
0.433594 0.017142 48.839844 319.562485
0.309896 0.026900 64.246094 446.915671
0.495443 0.000742 50.097656 516.347289
0.371094 0.025366 66.304688 452.840135
0.498047 0.000323 54.496094 404.901945
0.268880 0.023607 68.753906 319.527436
0.404948 0.018163 52.550781 646.428784
0.374349 0.023910 60.656250 454.822549
0.352214 0.026984 62.281250 406.124510
0.177734 0.001729 65.949219 599.624862
0.285156 0.014663 66.324219 440.384666
0.357422 0.024363 49.578125 678.550735
0.427083 0.017538 49.226562 619.721017
0.361979 0.026627 62.082031 495.683441
0.470052 0.006289 46.144531 834.312362
0.363932 0.024223 61.097656 566.151210
0.341797 0.022913 57.675781 552.541529
0.373698 0.025162 58.167969 589.818735
0.395182 0.021759 56.339844 739.550720
0.389323 0.023215 56.445312 443.887194
0.417969 0.020042 60.617188 427.233272
0.251302 0.019388 74.058594 317.427926
0.419271 0.018947 58.707031 702.568735
0.453125 0.012609 50.824219 565.361137
0.384766 0.025122 50.878906 363.510769
0.373047 0.022491 66.648438 493.193566
0.365234 0.024142 55.203125 848.993873
0.336589 0.026460 57.000000 572.807843
0.486979 0.002880 44.625000 449.647059
0.417318 0.018300 49.250000 704.305882
0.429036 0.016186 40.406250 518.100980
0.442057 0.011335 64.902344 549.923759
0.310547 0.025514 58.914062 604.251409
0.263672 0.020074 65.269531 574.236872
0.363932 0.024877 56.535156 816.861504
0.354167 0.023529 52.246094 819.284298
0.467448 0.006344 41.906250 233.748039
0.297526 0.025837 66.753906 350.492142
0.494792 0.001062 40.968750 226.430392
0.488932 0.001729 54.667969 352.708931
0.347005 0.026719 62.804688 360.847978
0.389974 0.023903 55.203125 580.193873
0.448568 0.014011 55.726562 427.564154
0.421875 0.019363 57.664062 596.639645
0.365234 0.025013 58.738281 711.237117
0.276693 0.024557 63.054688 466.208762
0.225260 0.014200 60.265625 546.195833
0.225260 0.015290 63.316406 711.362240
0.309896 0.023632 58.160156 1041.640916
0.488932 0.002818 45.710938 476.206311
0.500000 0.000000 47.824219 380.631725
0.470703 0.005130 58.183594 528.385769
0.227865 0.015630 67.898438 256.107292
0.447266 0.012786 51.890625 638.395833
0.458984 0.010838 58.894531 323.726088
0.261068 0.021010 67.695312 452.087194
0.426432 0.015808 58.449219 685.173882
0.345703 0.026535 58.597656 660.233563
0.438802 0.014323 52.593750 387.018627
0.223958 0.013263 65.617188 422.990135
0.290365 0.024508 62.976562 580.179841
0.401693 0.021126 63.660156 661.182093
0.441406 0.015072 56.679688 571.371507
0.442057 0.014603 53.945312 602.993076
0.425781 0.016256 62.863281 486.267509
0.395833 0.021569 65.105469 457.733931
0.331380 0.026685 68.867188 476.194056
0.175130 0.002216 77.859375 534.466422
0.358724 0.021684 62.937500 522.694118
0.425130 0.015179 61.937500 546.701961
0.175781 0.002313 71.152344 428.231602
