0.151693 0.002280 128.535156 149.159544
0.287760 0.069593 123.007812 279.301900
0.171875 0.003459 121.289062 159.837684
0.223307 0.037411 129.816406 555.287730
0.197917 0.028649 171.226562 1070.113174
0.215495 0.041724 160.460938 141.433762
0.168620 0.001848 153.535156 65.959544
0.168620 0.004027 145.972656 186.034544
0.166667 0.000000 163.492188 288.062684
0.222656 0.072452 158.878906 860.020573
0.152344 0.028334 151.406250 8.446078
0.169922 0.005981 150.281250 234.775490
0.197917 0.035185 142.812500 192.945098
0.166667 0.000000 161.878906 281.000965
0.218750 0.093137 159.820312 673.395037
0.219401 0.058101 152.144531 215.677068
0.166667 0.000000 143.867188 49.621507
0.171224 0.005753 143.261719 258.931235
0.166667 0.000000 152.433594 73.877926
0.137370 0.004040 156.167969 11.183441
0.179687 0.008544 151.894531 259.577068
0.351563 0.089427 134.750000 52.549020
0.279948 0.068381 142.269531 428.746676
0.166667 0.000000 155.773438 560.701409
0.157552 0.001442 162.554688 40.044056
0.190755 0.019352 147.148438 38.754350
0.438802 0.108876 141.023438 104.258272
0.180990 0.014827 173.738281 1580.860646
0.169271 0.001736 146.570312 453.524449
0.166667 0.000000 115.757812 1058.192096
0.166667 0.000000 105.238281 227.201823
0.166667 0.000000 106.257812 481.721507
0.166667 0.000000 103.859375 136.584069
0.166667 0.000000 99.976562 49.513174
0.167318 0.000109 101.574219 37.578784
0.166667 0.000000 101.500000 34.313725
0.166667 0.000000 97.394531 40.726088
0.166667 0.000000 79.710938 658.284743
0.166667 0.000000 95.761719 76.660646
0.166667 0.000000 97.316406 38.648514
0.166667 0.000000 104.203125 312.719363
0.166667 0.000000 94.777344 107.609053
0.167318 0.000109 92.804688 73.632292
0.166667 0.000000 95.015625 22.054657
0.255208 0.021324 127.222656 3304.322779
0.201172 0.007628 103.445312 1227.353860
0.166667 0.000000 150.878906 3054.012730
0.166667 0.000000 127.335938 2057.941605
0.166667 0.000000 121.031250 854.744118
0.177083 0.002505 124.988281 1877.839078
0.183594 0.005377 127.542969 2420.798146
0.166667 0.000000 112.511719 909.333195
0.261068 0.021664 114.609375 1842.442892
0.196615 0.009121 112.597656 894.978661
0.166667 0.000000 106.960938 1002.147488
0.166667 0.000000 124.898438 1713.307292
0.178385 0.003566 113.312500 1276.749020
0.166667 0.000000 104.093750 790.242157
0.166667 0.000000 114.578125 538.182108
0.277344 0.024522 119.789062 1701.265135
0.293620 0.024016 114.429688 1441.155821
0.212891 0.012561 124.070312 2259.406801
0.374349 0.024564 139.218750 3683.646078
0.174479 0.002553 118.976562 2108.273958
0.338542 0.026988 115.601562 1539.879841
0.212240 0.012730 116.519531 1219.505499
0.237630 0.017493 113.703125 988.813480
0.261068 0.021446 111.710938 1134.331801
0.193359 0.007890 106.378906 825.577436
0.166667 0.000000 108.894531 1379.341774
0.167318 0.000109 156.644531 4308.520205
0.256510 0.020219 136.003906 4440.082338
0.170573 0.001074 124.273438 1518.505331
0.170573 0.001292 121.562500 2346.380392
0.166667 0.000000 126.152344 795.541406
0.166667 0.000000 129.195312 902.957782
0.166667 0.000000 129.234375 1129.748775
0.175130 0.001780 130.000000 697.372549
0.200521 0.009961 133.890625 933.446814
0.204427 0.010987 133.820312 1296.838174
0.174479 0.002553 137.089844 993.093857
0.166667 0.000000 129.062500 610.168627
0.166667 0.000000 131.722656 568.318857
0.166667 0.000000 131.968750 959.481373
0.166667 0.000000 130.230469 862.491774
0.166667 0.000000 130.007812 803.121507
0.208984 0.011165 130.949219 1653.593490
0.168620 0.000323 134.234375 1545.340931
0.169271 0.000429 133.328125 1853.687990
0.166667 0.000000 108.000000 64.878431
0.166667 0.000000 105.753906 56.398024
0.166667 0.000000 103.941406 61.710279
0.177734 0.002165 103.554688 95.157782
0.244792 0.017184 114.984375 1813.646814
0.166667 0.000000 105.125000 1024.000000
0.192708 0.005637 101.437500 472.796078
0.166667 0.000000 110.429688 379.085233
0.166667 0.000000 101.019531 155.391774
0.166667 0.000000 105.066406 146.713220
0.166667 0.000000 105.808594 322.704396
0.166667 0.000000 113.316406 322.452436
0.166667 0.000000 113.367188 206.562684
0.166667 0.000000 119.289062 748.606311
0.166667 0.000000 131.988281 1389.556725
0.166667 0.000000 111.988281 170.317509
0.166667 0.000000 108.539062 138.971017
0.166667 0.000000 108.839844 145.805622
0.166667 0.000000 112.343750 157.214706
0.166667 0.000000 113.937500 177.141176
0.166667 0.000000 111.820312 114.414645
0.168620 0.000323 114.019531 2254.936872
0.166667 0.000000 126.835938 798.749449
0.166667 0.000000 110.175781 143.619960
0.166667 0.000000 110.617188 127.915625
0.166667 0.000000 111.171875 137.609559
0.166667 0.000000 109.796875 116.578186
0.166667 0.000000 106.406250 67.842157
0.166667 0.000000 102.527344 119.975720
0.166667 0.000000 104.464844 39.481112
0.166667 0.000000 93.113281 81.967509
0.166667 0.000000 94.375000 131.607843
0.166667 0.000000 99.585938 219.796507
0.166667 0.000000 101.453125 195.189951
0.166667 0.000000 100.363281 136.506725
0.166667 0.000000 100.839844 165.115426
0.166667 0.000000 103.355469 167.382950
0.166667 0.000000 104.429688 142.347978
0.166667 0.000000 105.042969 179.727558
0.166667 0.000000 105.421875 107.186029
0.166667 0.000000 107.140625 125.180147
0.166667 0.000000 108.894531 150.816284
0.166667 0.000000 110.824219 151.823882
0.166667 0.000000 114.507812 186.172488
0.166667 0.000000 114.902344 188.339445
0.679036 0.082090 170.406250 589.920588
0.802083 0.009477 176.406250 476.202941
0.816406 0.005377 182.835938 188.969056
0.833333 0.000000 190.093750 322.069608
0.833333 0.000000 182.769531 454.123146
0.833333 0.000000 168.992188 155.176409
0.833333 0.000000 184.144531 138.563343
0.833333 0.000000 189.128906 130.246063
0.833333 0.000000 183.292969 254.725597
0.833333 0.000000 185.890625 367.156618
0.828125 0.001716 167.460938 511.025919
0.830729 0.000865 184.871094 103.422534
0.833333 0.000000 180.597656 112.210034
0.833333 0.000000 182.402344 67.017877
0.833333 0.000000 191.937500 427.690196
0.830729 0.000865 174.996094 379.917632
0.833333 0.000000 181.710938 49.516115
0.833333 0.000000 181.882812 26.715625
0.833333 0.000000 180.187500 28.380392
0.755208 0.048339 181.234375 730.070343
0.833333 0.000000 179.792969 14.972656
0.833333 0.000000 181.652344 53.757093
0.833333 0.000000 181.457031 75.456970
0.827474 0.004432 169.617188 509.107782
0.465495 0.126147 169.617188 839.397978
0.819661 0.006021 163.871094 686.544102
0.817708 0.004766 158.964844 1057.696798
0.833333 0.000000 181.050781 128.424862
0.818359 0.004677 170.371094 972.822534
0.832682 0.000109 180.960938 91.559252
0.833333 0.000000 181.191406 27.598514
0.833333 0.000000 187.582031 160.236382
0.833333 0.000000 181.910156 40.984053
0.833333 0.000000 180.621094 8.000965
0.833333 0.000000 175.347656 406.031602
0.649089 0.068208 155.675781 795.616039
0.820313 0.008544 172.304688 131.922488
